[[1,0,0,0,0,0,0,0,0,0,0,0,0,0,0,8,0],[[0,-476053503],[4,-476049403],[8,-536739695],[12,-509607934],[16,-499052543],[20,-481230848],[24,452984826],[28,-476038143],[32,-444391424]]]
[[1,5,0,0,0,0,0,0,0,0,0,0,0,0,0,12,0],[[0,-476053503],[4,-476049403],[8,-536739695],[12,-509607934],[16,-499052543],[20,-481230848],[24,452984826],[28,-476038143],[32,-444391424]]]
[[1,5,5,0,0,0,0,0,0,0,0,0,0,0,0,16,0],[[0,-476053503],[4,-476049403],[8,-536739695],[12,-509607934],[16,-499052543],[20,-481230848],[24,452984826],[28,-476038143],[32,-444391424]]]
[[5,5,5,0,0,0,0,0,0,0,0,0,0,0,0,20,0],[[0,-476053503],[4,-476049403],[8,-536739695],[12,-509607934],[16,-499052543],[20,-481230848],[24,452984826],[28,-476038143],[32,-444391424]]]
[[5,4,5,0,0,0,0,0,0,0,0,0,0,0,0,24,0],[[0,-476053503],[4,-476049403],[8,-536739695],[12,-509607934],[16,-499052543],[20,-481230848],[24,452984826],[28,-476038143],[32,-444391424]]]
[[5,4,5,0,0,0,0,0,0,0,0,0,0,0,0,28,0],[[0,-476053503],[4,-476049403],[8,-536739695],[12,-509607934],[16,-499052543],[20,-481230848],[24,452984826],[28,-476038143],[32,-444391424]]]
[[5,4,20,0,0,0,0,0,0,0,0,0,0,0,0,16,0],[[0,-476053503],[4,-476049403],[8,-536739695],[12,-509607934],[16,-499052543],[20,-481230848],[24,452984826],[28,-476038143],[32,-444391424]]]
[[20,4,20,0,0,0,0,0,0,0,0,0,0,0,0,20,0],[[0,-476053503],[4,-476049403],[8,-536739695],[12,-509607934],[16,-499052543],[20,-481230848],[24,452984826],[28,-476038143],[32,-444391424]]]
[[20,3,20,0,0,0,0,0,0,0,0,0,0,0,0,24,0],[[0,-476053503],[4,-476049403],[8,-536739695],[12,-509607934],[16,-499052543],[20,-481230848],[24,452984826],[28,-476038143],[32,-444391424]]]
[[20,3,20,0,0,0,0,0,0,0,0,0,0,0,0,28,0],[[0,-476053503],[4,-476049403],[8,-536739695],[12,-509607934],[16,-499052543],[20,-481230848],[24,452984826],[28,-476038143],[32,-444391424]]]
[[20,3,60,0,0,0,0,0,0,0,0,0,0,0,0,16,0],[[0,-476053503],[4,-476049403],[8,-536739695],[12,-509607934],[16,-499052543],[20,-481230848],[24,452984826],[28,-476038143],[32,-444391424]]]
[[60,3,60,0,0,0,0,0,0,0,0,0,0,0,0,20,0],[[0,-476053503],[4,-476049403],[8,-536739695],[12,-509607934],[16,-499052543],[20,-481230848],[24,452984826],[28,-476038143],[32,-444391424]]]
[[60,2,60,0,0,0,0,0,0,0,0,0,0,0,0,24,0],[[0,-476053503],[4,-476049403],[8,-536739695],[12,-509607934],[16,-499052543],[20,-481230848],[24,452984826],[28,-476038143],[32,-444391424]]]
[[60,2,60,0,0,0,0,0,0,0,0,0,0,0,0,28,0],[[0,-476053503],[4,-476049403],[8,-536739695],[12,-509607934],[16,-499052543],[20,-481230848],[24,452984826],[28,-476038143],[32,-444391424]]]
[[60,2,120,0,0,0,0,0,0,0,0,0,0,0,0,16,0],[[0,-476053503],[4,-476049403],[8,-536739695],[12,-509607934],[16,-499052543],[20,-481230848],[24,452984826],[28,-476038143],[32,-444391424]]]
[[120,2,120,0,0,0,0,0,0,0,0,0,0,0,0,20,0],[[0,-476053503],[4,-476049403],[8,-536739695],[12,-509607934],[16,-499052543],[20,-481230848],[24,452984826],[28,-476038143],[32,-444391424]]]
[[120,1,120,0,0,0,0,0,0,0,0,0,0,0,0,24,0],[[0,-476053503],[4,-476049403],[8,-536739695],[12,-509607934],[16,-499052543],[20,-481230848],[24,452984826],[28,-476038143],[32,-444391424]]]
[[120,1,120,0,0,0,0,0,0,0,0,0,0,0,0,28,0],[[0,-476053503],[4,-476049403],[8,-536739695],[12,-509607934],[16,-499052543],[20,-481230848],[24,452984826],[28,-476038143],[32,-444391424]]]
[[120,1,120,0,0,0,0,0,0,0,0,0,0,0,0,16,0],[[0,-476053503],[4,-476049403],[8,-536739695],[12,-509607934],[16,-499052543],[20,-481230848],[24,452984826],[28,-476038143],[32,-444391424]]]
[[120,1,120,0,0,0,0,0,0,0,0,0,0,0,0,20,0],[[0,-476053503],[4,-476049403],[8,-536739695],[12,-509607934],[16,-499052543],[20,-481230848],[24,452984826],[28,-476038143],[32,-444391424]]]
[[120,0,120,0,0,0,0,0,0,0,0,0,0,0,0,24,0],[[0,-476053503],[4,-476049403],[8,-536739695],[12,-509607934],[16,-499052543],[20,-481230848],[24,452984826],[28,-476038143],[32,-444391424]]]
[[120,0,120,0,0,0,0,0,0,0,0,0,0,0,0,28,1073741824],[[0,-476053503],[4,-476049403],[8,-536739695],[12,-509607934],[16,-499052543],[20,-481230848],[24,452984826],[28,-476038143],[32,-444391424]]]
[[120,0,120,0,0,0,0,0,0,0,0,0,0,0,0,32,1073741824],[[0,-476053503],[4,-476049403],[8,-536739695],[12,-509607934],[16,-499052543],[20,-481230848],[24,452984826],[28,-476038143],[32,-444391424]]]
[[120,0,120,256,0,0,0,0,0,0,0,0,0,0,0,36,1073741824],[[0,-476053503],[4,-476049403],[8,-536739695],[12,-509607934],[16,-499052543],[20,-481230848],[24,452984826],[28,-476038143],[32,-444391424]]]
[[120,0,120,256,0,0,0,0,0,0,0,0,0,0,0,40,1073741824],[[0,-476053503],[4,-476049403],[8,-536739695],[12,-509607934],[16,-499052543],[20,-481230848],[24,452984826],[28,-476038143],[32,-444391424],[256,120]]]